0.000000000000000000e+00 1.061000000000000000e+05
8.309999999999999332e-02 9.324000000000000000e+04
1.464999999999999913e-01 1.667200000000000000e+05
2.586999999999999855e-01 1.537800000000000000e+05
4.828000000000000069e-01 1.188000000000000000e+05
7.448000000000000176e-01 1.169000000000000000e+05
9.817000000000000171e-01 1.095700000000000000e+05
1.256299999999999972e+00 1.113500000000000000e+05
1.492599999999999927e+00 7.438800000000000000e+04
1.729899999999999993e+00 8.329100000000000000e+04
1.991500000000000048e+00 6.643500000000000000e+04
3.001100000000000101e+00 3.540800000000000000e+04
4.010900000000000354e+00 2.112500000000000000e+04
5.009000000000000341e+00 2.045000000000000000e+04
5.994299999999999962e+00 1.579800000000000000e+04
7.002799999999999692e+00 4.785199999999999818e+03
